0 0.500000 0.463000 0.997000 0.923000
0 0.638500 0.674000 0.718000 0.643000
0 0.284000 0.244000 0.563000 0.485000
0 0.747000 0.354500 0.195000 0.230000
0 0.230500 0.374000 0.160000 0.241000
0 0.795000 0.145500 0.177000 0.224000
0 0.915000 0.396000 0.169000 0.171000
0 0.347500 0.083500 0.168000 0.140000
0 0.296500 0.553000 0.164000 0.135000
0 0.609500 0.333500 0.126000 0.170000
0 0.050000 0.380000 0.099000 0.211000
0 0.239000 0.718000 0.157000 0.119000
0 0.694000 0.729000 0.165000 0.105000
0 0.613000 0.411500 0.117000 0.116000
0 0.745500 0.455500 0.134000 0.098000
0 0.272500 0.624500 0.124000 0.092000
0 0.489000 0.097000 0.107000 0.105000
0 0.173500 0.666000 0.120000 0.093000
0 0.337500 0.658000 0.092000 0.101000
0 0.294000 0.750500 0.129000 0.056000
0 0.107000 0.748000 0.107000 0.059000
