0 0.500500 0.500000 0.998000 0.995000
0 0.919500 0.546500 0.158000 0.900000
0 0.077500 0.453500 0.146000 0.816000
0 0.829500 0.522000 0.130000 0.883000
0 0.209000 0.433000 0.139000 0.831000
0 0.728000 0.496000 0.129000 0.821000
0 0.628500 0.662000 0.154000 0.583000
0 0.375000 0.614000 0.159000 0.533000
0 0.499000 0.653000 0.141000 0.543000
0 0.236000 0.639500 0.137000 0.510000
0 0.629500 0.263500 0.136000 0.478000
0 0.436500 0.288000 0.120000 0.425000
0 0.528000 0.303500 0.101000 0.452000
0 0.481000 0.124500 0.069000 0.182000
