0 0.471000 0.497500 0.939000 0.980000
0 0.926500 0.544500 0.146000 0.590000
0 0.342000 0.117000 0.239000 0.233000
0 0.932500 0.226500 0.134000 0.150000
0 0.793500 0.192500 0.130000 0.132000
0 0.222000 0.198000 0.115000 0.113000
0 0.041500 0.210500 0.082000 0.152000
0 0.120500 0.167500 0.090000 0.086000
0 0.040500 0.103000 0.074000 0.077000
0 0.024500 0.252000 0.048000 0.109000
0 0.060500 0.164500 0.060000 0.062000
0 0.123500 0.104500 0.062000 0.056000
0 0.864500 0.176500 0.054000 0.054000
0 0.905500 0.167000 0.052000 0.051000
