0 0.500000 0.497500 0.993000 0.990000
0 0.091000 0.361500 0.181000 0.328000
0 0.090500 0.315500 0.180000 0.236000
0 0.935500 0.480000 0.128000 0.311000
0 0.403000 0.321500 0.145000 0.242000
0 0.405500 0.484500 0.156000 0.196000
0 0.711000 0.314500 0.143000 0.180000
0 0.940000 0.293500 0.119000 0.184000
0 0.250000 0.459000 0.111000 0.199000
0 0.400000 0.459000 0.143000 0.145000
0 0.696500 0.264000 0.176000 0.115000
0 0.282500 0.263500 0.122000 0.136000
0 0.519500 0.510500 0.118000 0.108000
0 0.249000 0.409000 0.107000 0.099000
