0 0.509500 0.495500 0.972000 0.988000
0 0.804500 0.705500 0.390000 0.566000
0 0.221500 0.723000 0.442000 0.547000
0 0.074000 0.656000 0.147000 0.413000
0 0.221500 0.914500 0.442000 0.168000
0 0.052000 0.655000 0.103000 0.411000
0 0.779000 0.534000 0.203000 0.115000
0 0.835500 0.383500 0.126000 0.156000
0 0.677000 0.513500 0.141000 0.112000
0 0.946000 0.378500 0.107000 0.144000
0 0.908500 0.503000 0.112000 0.125000
0 0.049500 0.440000 0.080000 0.127000
0 0.687500 0.491000 0.120000 0.067000
0 0.599500 0.500000 0.050000 0.065000
