0 0.500000 0.499000 0.999000 0.995000
0 0.500000 0.169500 0.999000 0.338000
0 0.510000 0.569500 0.357000 0.814000
0 0.814000 0.576500 0.351000 0.756000
0 0.327000 0.479500 0.281000 0.864000
0 0.142000 0.196500 0.197000 0.284000
0 0.918000 0.187000 0.163000 0.291000
0 0.767500 0.192500 0.154000 0.286000
0 0.651500 0.195000 0.132000 0.281000
0 0.063000 0.206500 0.125000 0.262000
0 0.501000 0.173000 0.137000 0.223000
0 0.416000 0.130000 0.109000 0.167000
0 0.224500 0.093000 0.074000 0.185000
0 0.267000 0.115000 0.043000 0.091000
