0 0.500000 0.499000 0.999000 0.997000
0 0.277000 0.499500 0.215000 0.994000
0 0.803500 0.479000 0.192000 0.957000
0 0.943500 0.415000 0.112000 0.675000
0 0.134000 0.413500 0.115000 0.606000
0 0.712000 0.444000 0.103000 0.629000
0 0.608000 0.439000 0.103000 0.587000
0 0.431000 0.411000 0.101000 0.587000
0 0.042500 0.417500 0.084000 0.628000
0 0.514500 0.425000 0.090000 0.579000
0 0.348000 0.420000 0.071000 0.555000
0 0.070000 0.379500 0.065000 0.578000
0 0.670000 0.411500 0.065000 0.542000
0 0.570500 0.401500 0.066000 0.528000
0 0.755000 0.170500 0.053000 0.146000
0 0.309000 0.147000 0.041000 0.047000
