0 0.500000 0.500000 0.999000 0.995000
0 0.568000 0.292500 0.143000 0.582000
0 0.675500 0.656500 0.126000 0.468000
0 0.954500 0.556500 0.090000 0.570000
0 0.538500 0.636500 0.120000 0.408000
0 0.048500 0.430500 0.096000 0.458000
0 0.238500 0.413500 0.122000 0.340000
0 0.039000 0.731500 0.077000 0.492000
0 0.165000 0.315500 0.105000 0.304000
0 0.460500 0.244500 0.116000 0.270000
0 0.954000 0.434000 0.089000 0.325000
0 0.667000 0.540500 0.107000 0.236000
0 0.164500 0.272000 0.102000 0.217000
0 0.383000 0.507000 0.103000 0.177000
0 0.529500 0.511000 0.098000 0.157000
0 0.145000 0.528500 0.081000 0.162000
