1 0.500500 0.504000 0.992000 0.977000
0 0.761000 0.471500 0.477000 0.446000
0 0.297500 0.087000 0.110000 0.153000
0 0.580500 0.064500 0.124000 0.114000
0 0.297500 0.065500 0.108000 0.110000
0 0.469500 0.085500 0.148000 0.076000
0 0.374000 0.124000 0.125000 0.087000
0 0.205500 0.108500 0.092000 0.112000
0 0.957000 0.108500 0.085000 0.112000
0 0.673500 0.056000 0.070000 0.107000
0 0.481500 0.130500 0.082000 0.074000
0 0.957500 0.088500 0.084000 0.072000
0 0.131000 0.086500 0.089000 0.066000
0 0.138000 0.126500 0.063000 0.078000
0 0.043000 0.132000 0.085000 0.065000
0 0.579000 0.147000 0.085000 0.045000
0 0.376000 0.061500 0.057000 0.064000
