1 0.503000 0.499000 0.989000 0.989000
0 0.613500 0.146000 0.232000 0.291000
0 0.307000 0.541500 0.063000 0.138000
0 0.935500 0.367500 0.068000 0.130000
0 0.842500 0.268500 0.070000 0.118000
0 0.955000 0.266500 0.075000 0.104000
0 0.919500 0.122000 0.070000 0.103000
0 0.887500 0.315500 0.054000 0.114000
0 0.842000 0.253000 0.069000 0.087000
0 0.771500 0.121500 0.052000 0.108000
0 0.972500 0.141500 0.046000 0.116000
0 0.808500 0.212500 0.050000 0.110000
0 0.817500 0.117000 0.052000 0.097000
0 0.907000 0.217500 0.063000 0.080000
