0 0.500000 0.497000 0.993000 0.989000
0 0.179000 0.389500 0.357000 0.778000
0 0.179000 0.471000 0.357000 0.615000
0 0.883000 0.493500 0.233000 0.630000
0 0.883500 0.307000 0.232000 0.257000
0 0.848000 0.167000 0.303000 0.169000
0 0.799000 0.164500 0.205000 0.164000
0 0.914500 0.104500 0.170000 0.178000
0 0.297000 0.177500 0.185000 0.122000
0 0.694000 0.057500 0.143000 0.114000
0 0.229000 0.046500 0.153000 0.092000
0 0.140000 0.059000 0.087000 0.117000
0 0.606000 0.043000 0.099000 0.085000
0 0.139500 0.039500 0.086000 0.078000
0 0.535500 0.041500 0.098000 0.058000
0 0.814000 0.058500 0.093000 0.056000
