0 0.499000 0.498000 0.995000 0.987000
0 0.757500 0.492000 0.484000 0.981000
0 0.267000 0.383000 0.317000 0.765000
0 0.095500 0.147500 0.142000 0.206000
0 0.461000 0.100500 0.163000 0.096000
0 0.630500 0.067500 0.138000 0.090000
0 0.516500 0.061500 0.102000 0.118000
0 0.444000 0.140000 0.103000 0.087000
0 0.042500 0.350000 0.084000 0.089000
0 0.191500 0.049000 0.078000 0.085000
0 0.065000 0.053000 0.073000 0.085000
0 0.141000 0.030000 0.095000 0.059000
0 0.639500 0.083000 0.096000 0.059000
0 0.141500 0.073500 0.062000 0.064000
