0 0.500000 0.499500 0.999000 0.998000
0 0.687000 0.741500 0.175000 0.352000
0 0.927500 0.794000 0.144000 0.353000
0 0.445000 0.777500 0.199000 0.222000
0 0.189000 0.887500 0.189000 0.222000
0 0.696500 0.825000 0.184000 0.197000
0 0.207000 0.731500 0.167000 0.228000
0 0.430500 0.910500 0.204000 0.178000
0 0.451000 0.640500 0.173000 0.206000
0 0.223500 0.460000 0.170000 0.219000
0 0.657000 0.306000 0.153000 0.233000
0 0.227500 0.595000 0.164000 0.189000
0 0.463000 0.493000 0.153000 0.197000
0 0.882500 0.311000 0.168000 0.181000
0 0.894000 0.438500 0.149000 0.182000
0 0.678000 0.400000 0.147000 0.189000
0 0.939000 0.885500 0.121000 0.226000
0 0.733000 0.933000 0.205000 0.133000
0 0.448500 0.367000 0.136000 0.193000
0 0.244000 0.326500 0.141000 0.172000
0 0.666000 0.079500 0.153000 0.156000
0 0.061000 0.422500 0.121000 0.176000
0 0.061000 0.306000 0.121000 0.173000
0 0.860000 0.054500 0.147000 0.108000
0 0.057500 0.203000 0.096000 0.157000
0 0.978500 0.117000 0.042000 0.189000
