0 0.499000 0.497500 0.995000 0.986000
0 0.757500 0.492000 0.484000 0.981000
0 0.267000 0.383000 0.317000 0.765000
0 0.095500 0.148000 0.142000 0.207000
0 0.461000 0.100500 0.165000 0.096000
0 0.630000 0.067500 0.137000 0.090000
0 0.516500 0.061500 0.102000 0.118000
0 0.443000 0.139000 0.105000 0.087000
0 0.042500 0.350000 0.084000 0.089000
0 0.191500 0.049000 0.078000 0.085000
0 0.065500 0.053000 0.072000 0.085000
0 0.141000 0.030000 0.095000 0.059000
0 0.639500 0.083000 0.096000 0.059000
0 0.142000 0.072500 0.061000 0.062000
