0 0.499000 0.497000 0.993000 0.987000
0 0.253000 0.306500 0.189000 0.216000
0 0.311000 0.440500 0.155000 0.168000
0 0.084500 0.299000 0.166000 0.147000
0 0.894500 0.137500 0.174000 0.122000
0 0.376000 0.111000 0.181000 0.115000
0 0.887000 0.274500 0.117000 0.160000
0 0.086000 0.119000 0.137000 0.115000
0 0.431000 0.036500 0.195000 0.072000
0 0.223500 0.253500 0.132000 0.110000
0 0.189000 0.227500 0.129000 0.102000
0 0.197500 0.090000 0.122000 0.099000
0 0.756000 0.102500 0.101000 0.114000
0 0.442000 0.076000 0.111000 0.081000
0 0.024000 0.244500 0.047000 0.112000
