0 0.499500 0.498500 0.996000 0.988000
0 0.910000 0.797500 0.179000 0.398000
0 0.074000 0.844000 0.147000 0.307000
0 0.039500 0.844000 0.078000 0.307000
0 0.940000 0.700500 0.087000 0.128000
0 0.144000 0.898500 0.133000 0.082000
0 0.087500 0.895000 0.080000 0.087000
0 0.891500 0.767000 0.072000 0.069000
0 0.087500 0.878500 0.078000 0.054000
0 0.896000 0.760000 0.061000 0.055000
0 0.563500 0.820500 0.046000 0.036000
0 0.424500 0.858500 0.048000 0.026000
0 0.630500 0.856500 0.042000 0.028000
0 0.527000 0.858500 0.047000 0.024000
0 0.499500 0.851000 0.036000 0.031000
