0 0.501500 0.498500 0.992000 0.990000
0 0.686000 0.455000 0.627000 0.793000
0 0.071500 0.598500 0.142000 0.558000
0 0.873000 0.205500 0.191000 0.214000
0 0.716000 0.106000 0.235000 0.151000
0 0.772500 0.072500 0.164000 0.144000
0 0.958500 0.139000 0.082000 0.269000
0 0.714500 0.136500 0.134000 0.130000
0 0.564500 0.061500 0.124000 0.122000
0 0.958500 0.100000 0.082000 0.189000
0 0.907000 0.055000 0.119000 0.109000
0 0.966000 0.338500 0.067000 0.146000
0 0.639000 0.081500 0.083000 0.102000
0 0.909500 0.317500 0.084000 0.080000
