0 0.500000 0.498000 0.997000 0.993000
0 0.085500 0.463000 0.170000 0.619000
0 0.941000 0.659500 0.117000 0.458000
0 0.609500 0.593500 0.186000 0.226000
0 0.251000 0.413000 0.109000 0.081000
0 0.796500 0.399000 0.102000 0.059000
0 0.311500 0.408500 0.062000 0.082000
0 0.279500 0.100500 0.056000 0.072000
0 0.941000 0.381500 0.067000 0.054000
0 0.833000 0.113000 0.055000 0.057000
0 0.787000 0.112000 0.059000 0.053000
0 0.123500 0.132500 0.056000 0.054000
0 0.180500 0.124500 0.054000 0.056000
0 0.240500 0.100000 0.050000 0.051000
0 0.211500 0.330000 0.044000 0.051000
0 0.241500 0.307500 0.036000 0.054000
0 0.744000 0.122000 0.037000 0.049000
