1 0.500000 0.498000 0.995000 0.991000
0 0.562000 0.272500 0.589000 0.434000
0 0.042500 0.694000 0.084000 0.147000
0 0.888500 0.501500 0.096000 0.100000
0 0.408500 0.607000 0.124000 0.069000
0 0.036500 0.491500 0.072000 0.106000
0 0.082000 0.607000 0.083000 0.089000
0 0.167000 0.609500 0.089000 0.080000
0 0.250000 0.589000 0.079000 0.073000
0 0.125000 0.665000 0.085000 0.065000
0 0.348500 0.593500 0.070000 0.072000
0 0.454500 0.600500 0.066000 0.074000
0 0.288000 0.644000 0.081000 0.051000
0 0.445500 0.644000 0.084000 0.045000
0 0.968500 0.469500 0.060000 0.044000
0 0.943500 0.447000 0.042000 0.057000
0 0.099500 0.637000 0.048000 0.047000
0 0.883000 0.559000 0.049000 0.037000
0 0.140500 0.468000 0.044000 0.037000
